0.9851541847655048 1.658 -1.0472 1.7019033560476324 -0.35 0.1142685595916659 3.0
0.6891370499794092 0.9866313087247767 -1.0472 1.699500012552889 -0.35 0.12133570798925852 3.0
0.5914348756367747 0.6253686011121462 -1.0472 1.7000969602917841 -0.35 0.12423676620354532 3.0
0.5544424946014118 0.5019558624227248 -1.0472 1.7003328316587618 -0.35 0.12461604394830622 3.0
0.5470964932505843 0.4624013659894518 -1.0444365286006114 1.7001084686899897 -0.35 0.12577268275586792 3.0
0.5463056330623871 0.44835094210901255 -1.0264013353142951 1.6997119998804886 -0.35 0.12715032715414404 3.0
0.5461547454978367 0.4358771799284513 -1.0074156455513548 1.6993078119734866 -0.35 0.12851446327853513 3.0
0.5460444166494925 0.42352803947380285 -0.988521203882422 1.6989090477003765 -0.35 0.12982686182595113 3.0
0.5459406838471208 0.41128787397697636 -0.9698828333859056 1.6985183133540636 -0.35 0.13108212504216316 3.0
0.5458419818454551 0.39922382131612755 -0.9516120230420183 1.6981375400782226 -0.35 0.13227728558772286 3.0
0.5457484106022109 0.3874057983630536 -0.9338121161254354 1.6977685165489336 -0.35 0.13341009795885336 3.0
0.5456601022314346 0.3759002711919 -0.9165782218648053 1.6974128730882696 -0.35 0.13447898863043317 3.0
0.5455771359933612 0.36476825265992724 -0.8999949359191791 1.6970720408462396 -0.35 0.1354830715951755 3.0
0.5454995342206947 0.35406375892232905 -0.8841344167027241 1.6967472180550824 -0.35 0.1364221448573988 3.0
0.5454272640456981 0.343832606151529 -0.8690550452714496 1.6964393467622427 -0.35 0.1372966646092314 3.0
0.5453602410496976 0.3341115957120495 -0.8548007213826351 1.6961491010078542 -0.35 0.13810769934627443 3.0
0.5452983343638307 0.3249281119720001 -0.8414007884293269 1.6958768863702791 -0.35 0.13885686755083768 3.0
0.5452413728434754 0.3163001233163052 -0.8288705319589698 1.6956228499294277 -0.35 0.13954626333061743 3.0
0.5451891519144492 0.3082365471700991 -0.8172121599605862 1.6953868990188874 -0.35 0.14017837468827982 3.0
0.5451414406963957 0.30073791753101636 -0.8064161505761421 1.6951687267070705 -0.35 0.14075599895954186 3.0
0.5450979890480165 0.29379728023436313 -0.7964628446293021 1.6949678417754939 -0.35 0.14128215947314104 3.0
0.5450585342399069 0.28740123693320463 -0.7873241645845295 1.6947836010204527 -0.35 0.14176002676816937 3.0
0.5450228070339128 0.28153106230629726 -0.7789653551607366 1.6946152419397382 -0.35 0.14219284686863537 3.0
0.5449905370228166 0.27616382828551245 -0.7713466602437763 1.6944619142139257 -0.35 0.14258387826424143 3.0
0.5449614571536763 0.2712734818381125 -0.7644248725814512 1.6943227087904151 -0.35 0.1429363384617439 3.0
0.5449353074171952 0.2668318369200318 -0.7581547142436649 1.6941966837753164 -0.35 0.14325336030432606 3.0
0.5449118377315096 0.26280945492734353 -0.7524900250625489 1.6940828866971929 -0.35 0.1435379577331333 3.0
0.5448908100817379 0.2591764001389632 -0.7473847521348134 1.6939803730053622 -0.35 0.1437930002901618 3.0
0.5448719999970946 0.25590286660981054 -0.7427937455724942 1.6938882208949724 -0.35 0.14402119542271988 3.0
0.5448551974577747 0.2529596805212941 -0.738673374142003 1.6938055427128809 -0.35 0.14422507752701852 3.0
0.5448402073259915 0.2503186872203077 -0.734981979669752 1.69373149329995 -0.35 0.14440700263744355 3.0
0.5448268493920421 0.247953035370597 -0.7316801917086371 1.6936652756766344 -0.35 0.1445691477032926 3.0
0.5448149581189367 0.2458373721850469 -0.7287311245817473 1.6936061444925206 -0.35 0.1447135134754737 3.0
0.5448043821596148 0.2439479640065897 -0.7261004781350683 1.6935534076465353 -0.35 0.14484193013200355 3.0
0.5447949837103873 0.24226275593170332 -0.7237565618406745 1.6935064264532593 -0.35 0.14495606488967772 3.0
0.5447866377537873 0.2407613830394331 -0.7216702596947563 1.6934646146893337 -0.35 0.14505743096896292 3.0
0.544779231234282 0.23942514435172457 -0.7198149509501064 1.693427436808254 -0.35 0.1451473973932259 3.0
0.544772662201321 0.2382369490940195 -0.7181663993195265 1.6933944055659846 -0.35 0.1452271992072451 3.0
0.5447668389465056 0.23718124327905074 -0.7167026210214767 1.6933650792564001 -0.35 0.145297947791572 3.0
0.5447616791549992 0.23624392318545687 -0.7154037399911983 1.6933390587162191 -0.35 0.14536064102778182 3.0
0.5447571090858114 0.2354122409947012 -0.7142518367871952 1.6933159842245777 -0.35 0.14541617313537783 3.0
0.5447530627911066 0.23467470670714993 -0.7132307961930828 1.6932955323929024 -0.35 0.14546534405494466 3.0
0.5447494813810939 0.23402098948523217 -0.7123261572382217 1.693277413116073 -0.35 0.14550886829538573 3.0
0.5447463123382589 0.2334418207612715 -0.7115249683162607 1.6932613666357645 -0.35 0.14554738319711025 3.0
0.5447435088825544 0.23292890078573414 -0.7108156492420473 1.693247160750585 -0.35 0.14558145658922866 3.0
0.5447410293875461 0.23247480976090268 -0.7101878614257984 1.6932345881949045 -0.35 0.1456115938385739 3.0
0.5447388368463573 0.23207292428702633 -0.7096323868312387 1.6932234641983717 -0.35 0.14563824430276961 3.0
0.5447368983854274 0.23171733952492624 -0.7091410159956346 1.6932136242306226 -0.35 0.14566180720980437 3.0
0.544735184823557 0.23140279723432475 -0.7087064451014883 1.6932049219301482 -0.35 0.145682636993369 3.0
0.544733670273389 0.23112461966614897 -0.7083221818818964 1.6931972272123061 -0.35 0.14570104811748538 3.0
0.5447323317822996 0.23087864915699552 -0.7079824599974964 1.693190424548739 -0.35 0.14571731942621352 3.0
0.54473114900962 0.23066119318411765 -0.7076821614283066 1.6931844114086425 -0.35 0.14573169805497013 3.0
0.544730103937163 0.23046897458066998 -0.7074167463670554 1.6931790968513132 -0.35 0.1457444029397165 3.0
