0.5082129250104462 3.028105673916614 0.04670165367578616
1.3248278095932313 2.0260731049945813 -0.14587688499077134
1.8820505079721581 1.5723699175373511 1.414861005480462
1.6898590463281482 1.155693522043846 2.1635802487465856
1.5641942964873377 0.9888986288362978 2.379690046532559
1.5150846650491416 0.9432559309783087 2.4403526685709327
1.5093831048564486 0.9383604938233027 2.4411138299792583
1.5061420165987809 0.9362975823166193 2.438086292296275
1.5028870705202417 0.9343032185657895 2.434807061022738
1.4994973199144381 0.9322323267584227 2.4315028131759804
1.4959915884682118 0.9300925980702529 2.42820980380408
1.4923995783731816 0.9279018852277813 2.4249535560803372
1.488753725615667 0.9256798541954676 2.4217580836841277
1.4850876830386153 0.9234468916062336 2.4186456877659683
1.4814351069869491 0.9212233624922281 2.41563635634916
1.4778284914211561 0.9190289060594566 2.412747282520459
1.4742981141848008 0.9168818007307468 2.4099925463415866
1.4708711613942627 0.914798437720101 2.4073829656804424
1.467571074667813 0.9127929298522123 2.404926105308648
1.4644171411970455 0.9108768674096471 2.402626422239762
1.461424323045071 0.9090592185435179 2.400485518205397
1.4586033025670668 0.907346360058393 2.398502467348435
1.4559607072633807 0.9057422162376705 2.396674188022641
1.4534994701727082 0.9042484790909971 2.394995831043823
1.4512192805153203 0.9028648826208868 2.3934611617645905
1.4491170824431072 0.90158950565521 2.392062918982576
1.4471875859079921 0.900419081544834 2.390793139197088
1.4454237613358385 0.8993492976830724 2.3896434396122004
1.44381729776171 0.8983750726270712 2.3886052572861587
1.4423590114685507 0.8974908030634292 2.3876700448713617
1.441039198452605 0.8966905766497655 2.3868294255226195
1.439847928989111 0.8959683497456513 2.3860753108954973
1.4387752861849914 0.89531809121914 2.3853999868629683
1.4378115528129467 0.8947338949598078 2.3847961718027686
1.4369473521263618 0.8942100645689401 2.384257052192407
1.4361737489815884 0.8937411740687349 2.38377629991242
1.435482317656665 0.8933221085037777 2.3833480751957374
1.434865182438217 0.8929480881116489 2.382967018642194
1.4343150365004538 0.8926146794046841 2.382628235191486
1.43382514393462 0.8923177961003373 2.3823272724476694
1.433389329085114 0.8920536924114734 2.382060095292632
1.4330019566637455 0.8918189507930474 2.3818230583243927
1.4326579054797142 0.8916104658579357 2.3816128773114484
1.432352538057604 0.8914254258327265 2.381426600565095
1.432081667926096 0.8912612926283151 2.3812615808934527
1.4318415259460224 0.8911157813499786 2.381115448608359
1.4316287267031647 0.8909868398642774 2.3809860859031637
1.4314402357117815 0.8908726288714981 2.380871602799895
1.4312733379513016 0.8907715027974228 2.380770314772364
1.431125608082488 0.8906819917119844 2.3806807220828405
1.4309948825530872 0.8906027844002027 2.380601490819157
1.4308792336992446 0.8905327126482989 2.3805314355830336
1.4307769458718025 0.8904707367613868 2.380469503755722
