1.43 0.89 2.38
1.43 0.89 2.38
1.43 0.89 2.38
1.43 0.89 2.38
1.43 0.89 2.38
1.43 0.89 2.38
1.43 0.89 2.38
1.43 0.89 2.38
1.43 0.89 2.38
1.43 0.89 2.38
1.43 0.89 2.38
1.43 0.89 2.38
1.43 0.89 2.38
1.43 0.89 2.38
1.43 0.89 2.38
1.43 0.89 2.38
1.43 0.89 2.38
1.43 0.89 2.38
1.43 0.89 2.38
1.43 0.89 2.38
1.43 0.89 2.38
1.43 0.89 2.38
1.43 0.89 2.38
1.43 0.89 2.38
1.43 0.89 2.38
1.43 0.89 2.38
1.43 0.89 2.38
1.43 0.89 2.38
1.43 0.89 2.38
1.43 0.89 2.38
1.43 0.89 2.38
1.43 0.89 2.38
1.43 0.89 2.38
1.43 0.89 2.38
1.43 0.89 2.38
1.43 0.89 2.38
1.43 0.89 2.38
1.43 0.89 2.38
1.43 0.89 2.38
1.43 0.89 2.38
1.43 0.89 2.38
1.43 0.89 2.38
1.43 0.89 2.38
1.43 0.89 2.38
1.43 0.89 2.38
1.43 0.89 2.38
1.43 0.89 2.38
1.43 0.89 2.38
1.43 0.89 2.38
1.43 0.89 2.38
1.43 0.89 2.38
1.43 0.89 2.38
1.43 0.89 2.38
